0,524
0,523
0,522
71,6
79,5
79,4
79,3
79,2
79,1
79,0
0,521
0,520
78,4
78,3
78,2
78,1
78,0
77,3
77,2
77,1
77,0
76,3
76,2
76,1
76,0
71,5
71,4
0,519
0,472
0,278
75,4
75,3
75,2
75,1
75,0
74,3
74,2
74,1
74,0
73,3
73,2
73,1
73,0
72,35
0,273
0,270
10,232
10,182
10,276
10,308
10,150
10,208
10,172
10,222
11,24
11,28
11,16
11,4
11,18
11,10
11,14
9,4
9,6
9,2
9,3
8,6
8,18
8,9
8,15
8,8
8,7
8,1
8,10
8,2
8,3
12,2
12,1
12,3
20,2
20,1
20,3
19,2
19,1
19,3
71,3
71,2
71,1
71,0
70,5
70,4
70,3
70,2
70,1
70,0
68,3
68,2
68,1
68,0
67,4
67,3
67,2
67,1
67,0
66,3
18,1
66,2
18,3
66,1
66,0
65,4
14,1
65,3
14,3
65,2
13,1
65,1
13,3
65,0
64,4
64,3
64,2
64,1
64,0
